a' 0 0 0 1 0 2 0 3 1 0 1 1 1 2 1 3
a 2 0 2 1 2 2 2 3 3 0 3 1 3 2 3 3
c' 0 0 0 1 1 0 1 1 2 0 2 1 3 0 3 1
c 0 2 0 3 1 2 1 3 2 2 2 3 3 2 3 3
d 0 1 0 2 1 1 1 2 2 1 2 2 3 1 3 2
b 1 0 1 1 1 2 1 3 2 0 2 1 2 2 2 3
d' 0 0 1 0 2 0 3 0 0 3 1 3 2 3 3 3
b' 0 0 0 1 0 2 0 3 3 0 3 1 3 2 3 3
a'b' 0 0 0 1 0 2 0 3
a'b 1 0 1 1 1 2 1 3
ab 2 0 2 1 2 2 2 3
ab' 3 0 3 1 3 2 3 3
c'd' 0 0 1 0 2 0 3 0
c'd 0 1 1 1 2 1 3 1
cd 0 2 1 2 2 2 3 2
cd' 0 3 1 3 2 3 3 3
a'c' 0 0 0 1 1 0 1 1
a'd 0 1 0 2 1 1 1 2
a'c 0 2 0 3 1 2 1 3
a'd' 0 3 1 3 0 0 1 0
bc' 1 0 1 1 2 0 2 1 
bd 1 1 1 2 2 1 2 2
bc 1 2 1 3 2 2 2 3
bd' 1 3 2 3 1 0 2 0
ac' 2 0 2 1 3 0 3 1
ad 2 1 2 2 3 1 3 2
ac 2 2 2 3 3 2 3 3
ad' 2 3 3 3 2 0 3 0
b'd' 0 0 0 3 3 3 3 0
b'c' 0 0 0 1 3 0 3 1
b'd 0 1 0 2 3 1 3 2
b'c 0 2 0 3 3 2 3 3
a'b'c' 0 0 0 1 a'b'd 0 1 0 2 a'b'c 0 2 0 3
a'b'd' 0 0 0 3 a'bc' 1 0 1 1 a'bd 1 1 1 2
a'bc 1 2 1 3 a'bd' 1 0 1 3 abc' 2 0 2 1
abd 2 1 2 2 abc 2 2 2 3 abd' 2 0 2 3
ab'c' 3 0 3 1 ab'd 3 1 3 2 ab'c 3 2 3 3
ab'd' 3 0 3 3 c'd'a' 0 0 1 0 c'd'b 1 0 2 0
c'd'a 2 0 3 0 c'd'b' 0 0 3 0 c'da' 0 1 1 1
c'db 1 1 2 1 c'da 2 1 3 1 c'db' 0 1 3 1
cda' 0 2 1 2 cdb 1 2 2 2 cda 2 2 3 2 
cdb' 0 2 3 2 cd'a' 0 3 1 3 cd'b 1 3 2 3
cd'a 2 3 3 3 cd'b' 0 3 3 3
a'b'c'd' 0 0 a'b'c'd 0 1 a'b'cd 0 2 a'b'cd' 0 3
a'bc'd' 1 0 a'bc'd 1 1 a'bcd 1 2 a'bcd' 1 3
abc'd' 2 0 abc'd 2 1 abcd 2 2 abcd' 2 3
ab'c'd' 3 0 ab'c'd 3 1 ab'cd 3 2 ab'cd' 3 3